0.000 .0
0.001 .0
0.002 .0
0.003 .0
0.004 .0
0.005 .0
0.006 .0
0.007 .0
0.008 .000000110721
0.009 .00000138622
0.010 .0000229819
0.011 .000124082
0.012 .000371076
0.013 .000831078
0.014 .00160227
0.015 .00249549
0.016 .00365097
0.017 .00502482
0.018 .00638088
0.019 .00782879
0.020 .00935823
0.021 .0108635
0.022 .0122807
0.023 .0137807
0.024 .0149949
0.025 .0162383
0.026 .0172633
0.027 .0184471
0.028 .0191921
0.029 .0199773
0.030 .0205146
0.031 .0210155
0.032 .0214149
0.033 .0216881
0.034 .0243404
0.035 .025441
0.036 .0250447
0.037 .0261085
0.038 .0273088
0.039 .0284258
0.040 .0296186
0.041 .0306705
0.042 .0317748
0.043 .0328309
0.044 .0339037
0.045 .0348141
0.046 .0358175
0.047 .0366114
0.048 .0374993
0.049 .0383045
0.050 .03903
0.051 .0397771
0.052 .0403787
0.053 .0408683
0.054 .0415264
0.055 .042106
0.056 .0424364
0.057 .0428475
0.058 .043107
0.059 .0433371
0.060 .0435318
0.061 .0438822
0.062 .0440341
0.063 .0440971
0.064 .0441826
0.065 .0441512
0.066 .0442843
0.067 .044476
0.068 .0442074
0.069 .0441803
0.070 .0440535
0.071 .0438694
0.072 .0436631
0.073 .043536
0.074 .0432982
0.075 .0433827
0.076 .0429691
0.077 .0425436
0.078 .0427393
0.079 .042407
0.080 .0421599
0.081 .0415623
0.082 .0416073
0.083 .0411245
0.084 .0409357
0.085 .0408034
0.086 .0402174
0.087 .0401805
0.088 .0396473
0.089 .0395733
0.090 .0393575
0.091 .0387176
0.092 .0387139
0.093 .037897
0.094 .0379764
0.095 .0376379
0.096 .0372175
0.097 .0369407
0.098 .0365889
0.099 .0362956
0.100 .0353317
0.101 .0357483
0.102 .0352152
0.103 .0348144
0.104 .0347124
0.105 .0344212
0.106 .0340663
0.107 .0337211
0.108 .0336414
0.109 .033364
0.110 .0327274
0.111 .0325651
0.112 .0321604
0.113 .0321156
0.114 .0315884
0.115 .0312685
0.116 .0311492
0.117 .0309448
0.118 .0303915
0.119 .0304148
0.120 .0302039
0.121 .0298065
0.122 .0295028
0.123 .0290517
0.124 .0289334
0.125 .0287781
0.126 .0284489
0.127 .0283588
0.128 .0279991
0.129 .0277478
0.130 .0274129
0.131 .0273796
0.132 .0269951
0.133 .0269912
0.134 .0266173
0.135 .026165
0.136 .0259173
0.137 .0256658
0.138 .0257913
0.139 .0255005
0.140 .0251258
